
NUMPOLLIES 54

//1.paye_aghab
10.0 0.0 0.0 12.0 0.0 0.0 14.0 0.0 0.0 16.0 0.0 0.0
10.0 2.0 0.0 12.0 2.0 0.0 14.0 2.0 0.0 16.0 2.0 0.0
10.0 4.0 0.0 12.0 4.0 0.0 14.0 4.0 0.0 16.0 4.0 0.0
10.0 6.0 0.0 12.0 6.0 0.0 14.0 6.0 0.0 16.0 6.0 0.0
0.0 0.0 1.0 0.0
./data/wall4.BMP

//2.paye_jelo
10.0 0.0 6.0 12.0 0.0 6.0 14.0 0.0 6.0 16.0 0.0 6.0
10.0 2.0 6.0 12.0 2.0 6.0 14.0 2.0 6.0 16.0 2.0 6.0
10.0 4.0 6.0 12.0 4.0 6.0 14.0 4.0 6.0 16.0 4.0 6.0
10.0 6.0 6.0 12.0 6.0 6.0 14.0 6.0 6.0 16.0 6.0 6.0
0.0 0.0 1.0 0.0
./data/wall4.BMP

//3.paye_kenar
10.0 0.0 0.0 10.0 0.0 2.0 10.0 0.0 4.0 10.0 0.0 6.0
10.0 2.0 0.0 10.0 2.0 2.0 10.0 2.0 4.0 10.0 2.0 6.0
10.0 4.0 0.0 10.0 4.0 2.0 10.0 4.0 4.0 10.0 4.0 6.0
10.0 6.0 0.0 10.0 6.0 2.0 10.0 6.0 4.0 10.0 6.0 6.0
0.0 -1.0 0.0 0.0
./data/wall4.BMP

//4.paye_kenar
16.0 0.0 0.0 16.0 0.0 2.0 16.0 0.0 4.0 16.0 0.0 6.0
16.0 2.0 0.0 16.0 2.0 2.0 16.0 2.0 4.0 16.0 2.0 6.0
16.0 4.0 0.0 16.0 4.0 2.0 16.0 4.0 4.0 16.0 4.0 6.0
16.0 6.0 0.0 16.0 6.0 2.0 16.0 6.0 4.0 16.0 6.0 6.0
0.0 1.0 0.0 0.0
./data/wall4.BMP

//5.paye_saghf
10.0 6.0 6.0 12.0 6.0 6.0 14.0 6.0 6.0 16.0 6.0 6.0
10.0 6.0 4.0 12.0 6.0 4.0 14.0 6.0 4.0 16.0 6.0 4.0
10.0 6.0 2.0 12.0 6.0 2.0 14.0 6.0 2.0 16.0 6.0 2.0
10.0 6.0 0.0 12.0 6.0 0.0 14.0 6.0 0.0 16.0 6.0 0.0
0.0 1.0 0.0 6.0
./data/wall4.BMP

//6.soton_robero
10.5 24.0  4.0 12.5 23.0 6.5 13.5 22.0 5.5 14.5 21.0 4.0
10.5 22.0  4.0 12.5 21.0 6.5 13.5 20.0 5.5 14.5 19.0 4.0
10.5 21.0  4.0 12.5 20.0 6.5 13.5 19.0 5.5 14.5 18.0 4.0
10.5 20.0  4.0 12.5 19.0 6.5 13.5 18.0 5.5 14.5 17.0 4.0
1.0 1.0 0.0 0.0
./data/p.BMP


//7.soton_robero 1
10.5 17.0  4.0 12.5 17.0 6.5 13.5 17.0 5.5 14.5 17.0 4.0
10.5 18.0  4.0 12.5 17.5 6.5 13.5 17.0 5.5 14.5 17.0 4.0
10.5 19.0  4.0 12.5 18.5 6.5 13.5 18.0 5.5 14.5 17.5 4.0
10.5 20.0  4.0 12.5 19.5 6.5 13.5 19.0 5.5 14.5 18.0 4.0
1.0 1.0 0.0 0.0
./data/soton1.BMP

//8.soton_robero 2
10.5 24.0  4.0 12.5 23.0 6.5 13.5 22.0 5.5 14.5 21.0 4.0
10.5 24.5  4.0 12.5 24.5 6.5 13.5 23.5 5.5 14.5 22.5 4.0
10.5 25.5  4.0 12.5 25.5 6.5 13.5 25.0 5.5 14.5 25.0 4.0
10.5 26.0  4.0 12.5 26.0 6.5 13.5 26.0 5.5 14.5 26.0 4.0
1.0 1.0 0.0 0.0
./data/soton1.BMP

//9.soton_robero pasht
10.5 24.0  4.0 12.5 23.0 0.75 13.5 22.0 1.0 14.5 21.0 4.0
10.5 22.0  4.0 12.5 21.0 0.75 13.5 20.0 1.0 14.5 19.0 4.0
10.5 21.0  4.0 12.5 20.0 0.75 13.5 19.0 1.0 14.5 18.0 4.0
10.5 20.0  4.0 12.5 19.0 0.75 13.5 18.0 1.0 14.5 17.0 4.0
1.0 1.0 0.0 0.0
./data/p.BMP


//10.soton_robero posht 1
10.5 17.0  4.0 12.5 17.0 0.75 13.5 17.0 1.0 14.5 17.0 4.0
10.5 18.0  4.0 12.5 17.5 0.75 13.5 17.0 1.0 14.5 17.0 4.0
10.5 19.0  4.0 12.5 18.5 0.75 13.5 18.0 1.0 14.5 17.5 4.0
10.5 20.0  4.0 12.5 19.5 0.75 13.5 19.0 1.0 14.5 18.0 4.0
1.0 1.0 0.0 0.0
./data/soton1.BMP

//11.soton_robero posht 2
10.5 24.0  4.0 12.5 23.0 0.75 13.5 22.0 1.0 14.5 21.0 4.0
10.5 24.5  4.0 12.5 24.5 0.75 13.5 23.5 1.0 14.5 22.5 4.0
10.5 25.5  4.0 12.5 25.5 0.75 13.5 25.0 1.0 14.5 25.0 4.0
10.5 26.0  4.0 12.5 26.0 0.75 13.5 26.0 1.0 14.5 26.0 4.0
1.0 1.0 0.0 0.0
./data/soton1.BMP

//12.soton_robero
-10.5 24.0  4.0 -12.5 23.0 6.5 -13.5 22.0 5.5 -14.5 21.0 4.0
-10.5 22.0  4.0 -12.5 21.0 6.5 -13.5 20.0 5.5 -14.5 19.0 4.0
-10.5 21.0  4.0 -12.5 20.0 6.5 -13.5 19.0 5.5 -14.5 18.0 4.0
-10.5 20.0  4.0 -12.5 19.0 6.5 -13.5 18.0 5.5 -14.5 17.0 4.0
1.0 1.0 0.0 0.0
./data/p.BMP


//13.soton_robero 1
-10.5 17.0  4.0 -12.5 17.0 6.5 -13.5 17.0 5.5 -14.5 17.0 4.0
-10.5 18.0  4.0 -12.5 17.5 6.5 -13.5 17.0 5.5 -14.5 17.0 4.0
-10.5 19.0  4.0 -12.5 18.5 6.5 -13.5 18.0 5.5 -14.5 17.5 4.0
-10.5 20.0  4.0 -12.5 19.5 6.5 -13.5 19.0 5.5 -14.5 18.0 4.0
1.0 1.0 0.0 0.0
./data/soton1.BMP

//8.soton_robero 2
-10.5 24.0  4.0 -12.5 23.0 6.5 -13.5 22.0 5.5 -14.5 21.0 4.0
-10.5 24.5  4.0 -12.5 24.5 6.5 -13.5 23.5 5.5 -14.5 22.5 4.0
-10.5 25.5  4.0 -12.5 25.5 6.5 -13.5 25.0 5.5 -14.5 25.0 4.0
-10.5 26.0  4.0 -12.5 26.0 6.5 -13.5 26.0 5.5 -14.5 26.0 4.0
1.0 1.0 0.0 0.0
./data/soton1.BMP

//9.soton_robero pasht
-10.5 24.0  4.0 -12.5 23.0 0.75 -13.5 22.0 1.0 -14.5 21.0 4.0
-10.5 22.0  4.0 -12.5 21.0 0.75 -13.5 20.0 1.0 -14.5 19.0 4.0
-10.5 21.0  4.0 -12.5 20.0 0.75 -13.5 19.0 1.0 -14.5 18.0 4.0
-10.5 20.0  4.0 -12.5 19.0 0.75 -13.5 18.0 1.0 -14.5 17.0 4.0
1.0 1.0 0.0 0.0
./data/p.BMP


//10.soton_robero posht 1
-10.5 17.0  4.0 -12.5 17.0 0.75 -13.5 17.0 1.0 -14.5 17.0 4.0
-10.5 18.0  4.0 -12.5 17.5 0.75 -13.5 17.0 1.0 -14.5 17.0 4.0
-10.5 19.0  4.0 -12.5 18.5 0.75 -13.5 18.0 1.0 -14.5 17.5 4.0
-10.5 20.0  4.0 -12.5 19.5 0.75 -13.5 19.0 1.0 -14.5 18.0 4.0
1.0 1.0 0.0 0.0
./data/soton1.BMP

//11.soton_robero posht 2
-10.5 24.0  4.0 -12.5 23.0 0.75 -13.5 22.0 1.0 -14.5 21.0 4.0
-10.5 24.5  4.0 -12.5 24.5 0.75 -13.5 23.5 1.0 -14.5 22.5 4.0
-10.5 25.5  4.0 -12.5 25.5 0.75 -13.5 25.0 1.0 -14.5 25.0 4.0
-10.5 26.0  4.0 -12.5 26.0 0.75 -13.5 26.0 1.0 -14.5 26.0 4.0
1.0 1.0 0.0 0.0
./data/soton1.BMP

//7.soton_aghab
//11.0 6.0  3.0 13.5 6.0  0.5 14.5 6.0  0.5 15.0 6.0  3.0 
//11.0 13.0 3.0 13.5 13.0 0.5 14.5 13.0 0.5 15.0 13.0 3.0
//11.0 20.0 3.0 13.5 20.0 0.5 14.5 20.0 0.5 15.0 20.0 3.0
//11.0 27.0 3.0 13.5 27.0 0.5 14.5 27.0 0.5 15.0 27.0 3.0
//-1.0 -1.0 0.0 0.0
//./data/wall4.BMP

//8.paye_aghab
-10.0 0.0 0.0 -12.0 0.0 0.0 -14.0 0.0 0.0 -16.0 0.0 0.0
-10.0 2.0 0.0 -12.0 2.0 0.0 -14.0 2.0 0.0 -16.0 2.0 0.0
-10.0 4.0 0.0 -12.0 4.0 0.0 -14.0 4.0 0.0 -16.0 4.0 0.0
-10.0 6.0 0.0 -12.0 6.0 0.0 -14.0 6.0 0.0 -16.0 6.0 0.0
0.0 0.0 1.0 0.0
./data/wall4.BMP

//9.paye_jelo
-10.0 0.0 6.0 -12.0 0.0 6.0 -14.0 0.0 6.0 -16.0 0.0 6.0
-10.0 2.0 6.0 -12.0 2.0 6.0 -14.0 2.0 6.0 -16.0 2.0 6.0
-10.0 4.0 6.0 -12.0 4.0 6.0 -14.0 4.0 6.0 -16.0 4.0 6.0
-10.0 6.0 6.0 -12.0 6.0 6.0 -14.0 6.0 6.0 -16.0 6.0 6.0
0.0 0.0 1.0 0.0
./data/wall4.BMP

//10.paye_kenar
-10.0 0.0 0.0 -10.0 0.0 2.0 -10.0 0.0 4.0 -10.0 0.0 6.0
-10.0 2.0 0.0 -10.0 2.0 2.0 -10.0 2.0 4.0 -10.0 2.0 6.0
-10.0 4.0 0.0 -10.0 4.0 2.0 -10.0 4.0 4.0 -10.0 4.0 6.0
-10.0 6.0 0.0 -10.0 6.0 2.0 -10.0 6.0 4.0 -10.0 6.0 6.0
0.0 -1.0 0.0 0.0
./data/wall4.BMP

//11.paye_kenar
-16.0 0.0 0.0 -16.0 0.0 2.0 -16.0 0.0 4.0 -16.0 0.0 6.0
-16.0 2.0 0.0 -16.0 2.0 2.0 -16.0 2.0 4.0 -16.0 2.0 6.0
-16.0 4.0 0.0 -16.0 4.0 2.0 -16.0 4.0 4.0 -16.0 4.0 6.0
-16.0 6.0 0.0 -16.0 6.0 2.0 -16.0 6.0 4.0 -16.0 6.0 6.0
0.0 1.0 0.0 0.0
./data/wall4.BMP

//12.paye_saghf
-10.0 6.0 6.0 -12.0 6.0 6.0 -14.0 6.0 6.0 -16.0 6.0 6.0
-10.0 6.0 4.0 -12.0 6.0 4.0 -14.0 6.0 4.0 -16.0 6.0 4.0
-10.0 6.0 2.0 -12.0 6.0 2.0 -14.0 6.0 2.0 -16.0 6.0 2.0
-10.0 6.0 0.0 -12.0 6.0 0.0 -14.0 6.0 0.0 -16.0 6.0 0.0
0.0 1.0 0.0 6.0
./data/wall4.BMP

//13.soton_robero
//-11.0 6.0  3.0 -13.5 6.0  5.5 -14.5 6.0  5.5 -15.0 6.0  3.0 
//-11.0 13.0 3.0 -13.5 13.0 5.5 -14.5 13.0 5.5 -15.0 13.0 3.0
//-11.0 20.0 3.0 -13.5 20.0 5.5 -14.5 20.0 5.5 -15.0 20.0 3.0
//-11.0 27.0 3.0 -13.5 27.0 5.5 -14.5 27.0 5.5 -15.0 27.0 3.0
//1.0 1.0 0.0 0.0
//./data/peyman.BMP

//14.soton_aghab
//-11.0 6.0  3.0 -13.5 6.0  0.5 -14.5 6.0  0.5 -15.0 6.0  3.0 
//-11.0 13.0 3.0 -13.5 13.0 0.5 -14.5 13.0 0.5 -15.0 13.0 3.0
//-11.0 20.0 3.0 -13.5 20.0 0.5 -14.5 20.0 0.5 -15.0 20.0 3.0
//-11.0 27.0 3.0 -13.5 27.0 0.5 -14.5 27.0 0.5 -15.0 27.0 3.0
//-1.0 -1.0 0.0 0.0
//./data/wall4.BMP


//15divar masjed
6.0 0.0  -2.0 16.0 0.0  -2.0 36.0 0.0  -2.0 52.9 0.0  -2.0
6.0 3.5  -2.0 16.0 3.5  -2.0 36.0 3.5  -2.0 52.9 3.5  -2.0
6.0 7.5  -2.0 16.0 7.5  -2.0 36.0 7.5  -2.0 52.9 7.5  -2.0
6.0 10.0 -2.0 16.0 10.0 -2.0 36.0 10.0 -2.0 52.9 10.0 -2.0
0.0 0.0 1.0 -2.0
./data/wall4.BMP

//16divar masjed-
6.0 0.0  -4.0 16.0 0.0  -4.0 36.0 0.0  -4.0 52.9 0.0  -4.0
6.0 3.5  -4.0 16.0 3.5  -4.0 36.0 3.5  -4.0 52.9 3.5  -4.0
6.0 7.5  -4.0 16.0 7.5  -4.0 36.0 7.5  -4.0 52.9 7.5  -4.0
6.0 10.0 -4.0 16.0 10.0 -4.0 36.0 10.0 -4.0 52.9 10.0 -4.0
0.0 0.0 1.0 -4.0
./data/wall4.BMP

//17.divar masjed
-6.0 0.0  -2.0 -16.0 0.0  -2.0 -36.0 0.0  -2.0 -52.9 0.0  -2.0
-6.0 3.5  -2.0 -16.0 3.5  -2.0 -36.0 3.5  -2.0 -52.9 3.5  -2.0
-6.0 7.5  -2.0 -16.0 7.5  -2.0 -36.0 7.5  -2.0 -52.9 7.5  -2.0
-6.0 10.0 -2.0 -16.0 10.0 -2.0 -36.0 10.0 -2.0 -52.9 10.0 -2.0
0.0 0.0 1.0 -2.0
./data/wall4.BMP

//18divar masjed-
-6.0 0.0  -4.0 -16.0 0.0  -4.0 -36.0 0.0  -4.0 -52.9 0.0  -4.0
-6.0 3.5  -4.0 -16.0 3.5  -4.0 -36.0 3.5  -4.0 -52.9 3.5  -4.0
-6.0 7.5  -4.0 -16.0 7.5  -4.0 -36.0 7.5  -4.0 -52.9 7.5  -4.0
-6.0 10.0 -4.0 -16.0 10.0 -4.0 -36.0 10.0 -4.0 -52.9 10.0 -4.0
0.0 0.0 1.0 -4.0
./data/wall4.BMP

//19. kaf
-4.0 0.0 20.0 -2.0 0.0 20.0 2.0 0.0 20.0 4.0 0.0 20.0
-4.0 0.0 15.0 -2.0 0.0 15.0 2.0 0.0 15.0 4.0 0.0 15.0
-4.0 0.0 5.0 -2.0 0.0 5.0 2.0 0.0 5.0 4.0 0.0 5.0
-4.0 0.0 0.0 -2.0 0.0 0.0 2.0 0.0 0.0 4.0 0.0 0.0
.0 1.0 0.0 0.0
./data/kaf9.BMP

//20. kaf
-4.0 0.0  0.0 -2.0 0.0 0.0 2.0 0.0 0.0 4.0 0.0 0.0
-4.0 0.0 -5.0 -2.0 0.0 -5.0 2.0 0.0 -5.0 4.0 0.0 -5.0
-4.0 0.0 -15.0 -2.0 0.0 -15.0 2.0 0.0 -15.0 4.0 0.0 -15.0
-4.0 0.0 -20.0 -2.0 0.0 -20.0 2.0 0.0 -20.0 4.0 0.0 -20.0
.0 1.0 0.0 0.0
./data/kaf9.BMP

//21. divare samt chap
-52.9 0.0  -4.0 -52.9 0.0  -6.5 -52.9 0.0  -7.0 -52.9 0.0  -15.0
-52.9 3.5  -4.0 -52.9 3.5  -6.5 -52.9 3.5  -7.0 -52.9 3.5  -15.0
-52.9 7.5  -4.0 -52.9 7.5  -6.5 -52.9 7.5  -7.0 -52.9 7.5  -15.0
-52.9 10.0 -4.0 -52.9 10.0 -6.5 -52.9 10.0 -7.0 -52.9 10.0 -15.0
1.0 0.0 0.0 -52.9
./data/wall4.BMP

//22. divare samt chap 1
-52.9 0.0  -17.0 -52.9 0.0  -24.0 -52.9 0.0  -27.0 -52.9 0.0  -34.0
-52.9 3.5  -17.0 -52.9 3.5  -24.0 -52.9 3.5  -27.0 -52.9 3.5  -34.0
-52.9 7.5  -17.0 -52.9 7.5  -24.0 -52.9 7.5  -27.0 -52.9 7.5  -34.0
-52.9 10.0 -17.0 -52.9 10.0 -24.0 -52.9 10.0 -27.0 -52.9 10.0 -34.0
1.0 0.0 0.0 -52.9
./data/wall4.BMP

//23. divare samt chap 2
-52.9 0.0  -35.0 -52.9 0.0  -40.0 -52.9 0.0  -45.0 -52.9 0.0  -50.0
-52.9 3.5  -35.0 -52.9 3.5  -40.0 -52.9 3.5  -45.0 -52.9 3.5  -50.0
-52.9 7.5  -35.0 -52.9 7.5  -40.0 -52.9 7.5  -45.0 -52.9 7.5  -50.0
-52.9 10.0 -35.0 -52.9 10.0 -40.0 -52.9 10.0 -45.0 -52.9 10.0 -50.0
1.0 0.0 0.0 -52.9
./data/wall4.BMP

//24 divare samt chap3
-52.9 0.0  -64.0 -52.9 0.0  -70.0 -52.9 0.0  -75.0 -52.9 0.0  -80.0
-52.9 3.5  -64.0 -52.9 3.5  -70.0 -52.9 3.5  -75.0 -52.9 3.5  -80.0
-52.9 7.5  -64.0 -52.9 7.5  -70.0 -52.9 7.5  -75.0 -52.9 7.5  -80.0
-52.9 10.0 -64.0 -52.9 10.0 -70.0 -52.9 10.0 -75.0 -52.9 10.0 -80.0
1.0 0.0 0.0 -52.9
./data/wall4.BMP

//25 divare samt chap4
-52.9 0.0  -80.0 -52.9 0.0  -85.0 -52.9 0.0  -90.0 -52.9 0.0  -95.0
-52.9 3.5  -80.0 -52.9 3.5  -85.0 -52.9 3.5  -90.0 -52.9 3.5  -95.0
-52.9 7.5  -80.0 -52.9 7.5  -85.0 -52.9 7.5  -90.0 -52.9 7.5  -95.0
-52.9 10.0 -80.0 -52.9 10.0 -85.0 -52.9 10.0 -90.0 -52.9 10.0 -95.0
1.0 0.0 0.0 -52.9
./data/wall4.BMP

////26 divare samt chap5
//-52.9 0.0  -95.0 -52.9 0.0  -100.0 -52.9 0.0  -105.0 -52.9 0.0  -108.0
//-52.9 3.5  -95.0 -52.9 3.5  -100.0 -52.9 3.5  -105.0 -52.9 3.5  -108.0
//-52.9 7.5  -95.0 -52.9 7.5  -100.0 -52.9 7.5  -105.0 -52.9 7.5  -108.0
//-52.9 10.0 -95.0 -52.9 10.0 -100.0 -52.9 10.0 -105.0 -52.9 10.0 -108.0
//1.0 0.0 0.0 -52.9
//./data/wall4.BMP

//27 divare samt chap6
//-52.9 0.0  -108.0 -52.9 0.0  -112.0 -52.9 0.0  -115.0 -52.9 0.0  -120.0
//-52.9 3.5  -108.0 -52.9 3.5  -112.0 -52.9 3.5  -115.0 -52.9 3.5  -120.0
//-52.9 7.5  -108.0 -52.9 7.5  -112.0 -52.9 7.5  -115.0 -52.9 7.5  -120.0
//-52.9 10.0 -108.0 -52.9 10.0 -112.0 -52.9 10.0 -115.0 -52.9 10.0 -120.0
//1.0 0.0 0.0 -52.9
//./data/wall4.BMP

//26. divare samt rast
52.9 0.0  -8.0 52.9 0.0  -10.0 52.9 0.0  -11.0 52.9 0.0  -15.0
52.9 3.5  -8.0 52.9 3.5  -10.0 52.9 3.5  -11.0 52.9 3.5  -15.0
52.9 7.5  -8.0 52.9 7.5  -10.0 52.9 7.5  -11.0 52.9 7.5  -15.0
52.9 10.0 -8.0 52.9 10.0 -10.0 52.9 10.0 -11.0 52.9 10.0 -15.0
-1.0 0.0 0.0 -52.9
./data/wall4.BMP

//27. divare samt rast 1
52.9 0.0  -20.0 52.9 0.0  -24.0 52.9 0.0  -27.0 52.9 0.0  -35.0
52.9 3.5  -20.0 52.9 3.5  -24.0 52.9 3.5  -27.0 52.9 3.5  -35.0
52.9 7.5  -20.0 52.9 7.5  -24.0 52.9 7.5  -27.0 52.9 7.5  -35.0
52.9 10.0 -20.0 52.9 10.0 -24.0 52.9 10.0 -27.0 52.9 10.0 -35.0
-1.0 0.0 0.0 -52.9
./data/wall4.BMP

//28. divare samt rast 2
52.9 0.0  -35.0 52.9 0.0  -40.0 52.9 0.0  -45.0 52.9 0.0  -50.0
52.9 3.5  -35.0 52.9 3.5  -40.0 52.9 3.5  -45.0 52.9 3.5  -50.0
52.9 7.5  -35.0 52.9 7.5  -40.0 52.9 7.5  -45.0 52.9 7.5  -50.0
52.9 10.0 -35.0 52.9 10.0 -40.0 52.9 10.0 -45.0 52.9 10.0 -50.0
-1.0 0.0 0.0 -52.9
./data/wall4.BMP

//29 divare samt rast3
52.9 0.0  -64.0 52.9 0.0  -70.0 52.9 0.0  -75.0 52.9 0.0  -80.0
52.9 3.5  -64.0 52.9 3.5  -70.0 52.9 3.5  -75.0 52.9 3.5  -80.0
52.9 7.5  -64.0 52.9 7.5  -70.0 52.9 7.5  -75.0 52.9 7.5  -80.0
52.9 10.0 -64.0 52.9 10.0 -70.0 52.9 10.0 -75.0 52.9 10.0 -80.0
-1.0 0.0 0.0 52.9
./data/wall4.BMP

//30 divare samt rast4
52.9 0.0  -80.0 52.9 0.0  -85.0 52.9 0.0  -90.0 52.9 0.0  -95.0
52.9 3.5  -80.0 52.9 3.5  -85.0 52.9 3.5  -90.0 52.9 3.5  -95.0
52.9 7.5  -80.0 52.9 7.5  -85.0 52.9 7.5  -90.0 52.9 7.5  -95.0
52.9 10.0 -80.0 52.9 10.0 -85.0 52.9 10.0 -90.0 52.9 10.0 -95.0
-1.0 0.0 0.0 -52.9
./data/wall4.BMP

//33 divare samt rast5
//52.9 0.0  -95.0 52.9 0.0  -100.0 52.9 0.0  -105.0 52.9 0.0  -108.0
//52.9 3.5  -95.0 52.9 3.5  -100.0 52.9 3.5  -105.0 52.9 3.5  -108.0
//52.9 7.5  -95.0 52.9 7.5  -100.0 52.9 7.5  -105.0 52.9 7.5  -108.0
//52.9 10.0 -95.0 52.9 10.0 -100.0 52.9 10.0 -105.0 52.9 10.0 -108.0
//-1.0 0.0 0.0 -52.9
//./data/wall4.BMP

//34 divare samt rast6
//52.9 0.0  -108.0 52.9 0.0  -112.0 52.9 0.0  -115.0 52.9 0.0  -120.0
//52.9 3.5  -108.0 52.9 3.5  -112.0 52.9 3.5  -115.0 52.9 3.5  -120.0
//52.9 7.5  -108.0 52.9 7.5  -112.0 52.9 7.5  -115.0 52.9 7.5  -120.0
//52.9 10.0 -108.0 52.9 10.0 -112.0 52.9 10.0 -115.0 52.9 10.0 -120.0
//-1.0 0.0 0.0 -52.9
//./data/wall4.BMP

//31.saye ban
-52.9 25.0 -2.0  -20.0 25.0 -2.0  20.0 25.0 -2.0  52.9 25.0 -2.0
-52.9 26.0 -15.0 -20.0 26.0 -15.0 20.0 26.0 -15.0 52.9 26.0 -15.0
-52.9 27.0 -35.0 -20.0 27.0 -35.0 20.0 27.0 -35.0 52.9 27.0 -35.0
-52.9 30.0 -47.0 -20.0 30.0 -47.0 20.0 30.0 -47.0 52.9 30.0 -47.0
1.0 1.0 0.0 -2.0
./data/saghf1.BMP

//32.saye ban
-52.9 30.0 -57.0 -20.0 30.0 -57.0 20.0 30.0 -57.0 52.9 30.0 -57.0
-52.9 27.0 -75.0 -20.0 27.0 -75.0 20.0 27.0 -75.0 52.9 27.0 -75.0
-52.9 26.0 -85.0 -20.0 26.0 -85.0 20.0 26.0 -85.0 52.9 26.0 -85.0
-52.9 25.0 -92.0 -20.0 25.0 -92.0 20.0 25.0 -92.0 52.9 25.0 -92.0
1.0 1.0 0.0 -2.0
./data/saghf1.BMP

//33.saye ban
10.0 30.0 -47.0 20.0 30.0 -47.0 30.0 30.0 -47.0 52.9 30.0 -47.0
10.0 30.0 -50.0 20.0 30.0 -50.0 30.0 30.0 -50.0 52.9 30.0 -50.0
10.0 30.0 -55.0 20.0 30.0 -55.0 30.0 30.0 -55.0 52.9 30.0 -55.0
10.0 30.0 -57.0 20.0 30.0 -57.0 30.0 30.0 -57.0 52.9 30.0 -57.0
0.0 1.0 0.0 40.0
./data/saghf1.BMP

//34.saye ban
-10.0 30.0 -47.0 -20.0 30.0 -47.0 -40.0 30.0 -47.0 -52.9 30.0 -47.0
-10.0 30.0 -50.0 -20.0 30.0 -50.0 -40.0 30.0 -50.0 -52.9 30.0 -50.0
-10.0 30.0 -55.0 -20.0 30.0 -55.0 -40.0 30.0 -55.0 -52.9 30.0 -55.0
-10.0 30.0 -57.0 -20.0 30.0 -57.0 -40.0 30.0 -57.0 -52.9 30.0 -57.0
0.0 1.0 0.0 40.0
./data/saghf1.BMP

//35.divar 45
52.9 0.0  -15.0 57.0 0.0  -20.0 59.0 0.0  -25.0 65.0 0.0  -32.0
52.9 3.5  -15.0 57.0 3.5  -20.0 59.0 3.5  -25.0 65.0 3.5  -32.0
52.9 7.5  -15.0 57.0 7.5  -20.0 59.0 7.5  -25.0 65.0 7.5  -32.0
52.9 10.0 -15.0 57.0 10.0 -20.0 59.0 10.0 -25.0 65.0 10.0 -32.0
1.0 0.0 1.0 0.0
./data/wall4.BMP

//36.divar 45
65.0 0.0  -33.0 70.0 0.0  -40.0 72.0 0.0  -46.0 71.0 0.0  -47.0
65.0 3.5  -33.0 70.0 3.5  -40.0 72.0 3.5  -46.0 71.0 3.5  -47.0
65.0 7.5  -33.0 70.0 7.5  -40.0 72.0 7.5  -46.0 71.0 7.5  -47.0
65.0 10.0 -33.0 70.0 10.0 -40.0 72.0 10.0 -46.0 71.0 10.0 -47.0
1.0 0.0 1.0 0.0
./data/wall4.BMP   

//37.divar biron
72.9 0.0  -63.0 72.9 0.0  -65.0 72.9 0.0  -70.0 72.9 0.0  -79.0
72.9 3.5  -63.0 72.9 3.5  -65.0 72.9 3.5  -70.0 72.9 3.5  -79.0
72.9 7.5  -63.0 72.9 7.5  -65.0 72.9 7.5  -70.0 72.9 7.5  -79.0
72.9 10.0 -63.0 72.9 10.0 -65.0 72.9 10.0 -70.0 72.9 10.0 -79.0
-1.0 0.0 0.0 -72.9
./data/wall4.BMP

//38.divar biron
72.9 0.0  -79.0 72.9 0.0  -80.9 72.9  0.0  -85.0 72.9 0.0  -94.0
72.9 3.5  -79.0 72.9 3.5  -80.9 72.9  3.5  -85.0 72.9 3.5  -94.0
72.9 7.5  -79.0 72.9 7.5  -80.9 72.9  7.5  -85.0 72.9 7.5  -94.0
72.9 10.0 -79.0 72.9 10.0 -80.9 72.9  10.0 -85.0 72.9 10.0 -94.0
-1.0 0.0 0.0 -72.9
./data/wall4.BMP

//39.saghf kazeb
5.0  16.25 -20.0 5.0  16.25 -7.0 5.0  16.25 -5.0 5.0  16.25 -3.0
20.0 16.25 -20.0 20.0 16.25 -7.0 20.0 16.25 -5.0 20.0 16.25 -3.0
40.0 16.25 -20.0 40.0 16.25 -7.0 40.0 16.25 -5.0 40.0 16.25 -3.0
87.0 16.25 -20.0 87.0 16.25 -7.0 87.0 16.25 -5.0 87.0 16.25 -3.0
0.0 1.0 0.0 16.0
./data/saghf1.BMP

//40.saghf kazeb
35.0 16.25 -2.0  60.0 16.25 -2.0  70.0 16.25 -2.0  87.0 16.25 -2.0
35.0 16.25 -20.0 60.0 16.25 -20.0 70.0 16.25 -20.0 87.0 16.25 -20.0
35.0 16.25 -40.0 60.0 16.25 -40.0 70.0 16.25 -40.0 87.0 16.25 -40.0
35.0 16.25 -94.0 60.0 16.25 -94.0 70.0 16.25 -94.0 87.0 16.25 -94.0
0.0 1.0 0.0 16.0
./data/saghf1.BMP
//////*****
//41.saghf kazeb
-35.0 16.25 -2.0  -45.0 16.25 -2.0  -47.0 16.25 -2.0  -55.0 16.25 -2.0
-35.0 16.25 -20.0 -45.0 16.25 -20.0 -47.0 16.25 -20.0 -55.0 16.25 -20.0
-35.0 16.25 -40.0 -45.0 16.25 -40.0 -47.0 16.25 -40.0 -55.0 16.25 -40.0
-35.0 16.25 -94.0 -45.0 16.25 -94.0 -47.0 16.25 -94.0 -55.0 16.25 -94.0
0.0 1.0 0.0 16.0
./data/saghf1.BMP
//***
//42.saghf kazeb
-5.0  16.25 -20.0 -5.0  16.25 -7.0 -5.0  16.25 -5.0 -5.0  16.25 -3.0
-20.0 16.25 -20.0 -20.0 16.25 -7.0 -20.0 16.25 -5.0 -20.0 16.25 -3.0
-25.0 16.25 -20.0 -25.0 16.25 -7.0 -25.0 16.25 -5.0 -25.0 16.25 -3.0
-40.0 16.25 -20.0 -40.0 16.25 -7.0 -40.0 16.25 -5.0 -40.0 16.25 -3.0
0.0 1.0 0.0 16.0
./data/saghf1.BMP

//43.saghf kazeb
5.0  11.75 -20.0 5.0  11.75 -7.0 5.0  11.75 -5.0 5.0  11.75 -3.0
20.0 11.75 -20.0 20.0 11.75 -7.0 20.0 11.75 -5.0 20.0 13.75 -3.0
40.0 11.75 -20.0 40.0 13.75 -7.0 40.0 13.75 -5.0 40.0 13.75 -3.0
87.0 11.75 -20.0 87.0 13.75 -7.0 87.0 13.75 -5.0 87.0 11.75 -3.0
0.0 1.0 0.0 16.0
./data/saghf1.BMP

//44.saghf kazeb
35.0 11.75 -2.0  60.0 11.75 -2.0  70.0 11.75 -2.0  87.0 11.75 -2.0
35.0 11.75 -20.0 60.0 11.75 -20.0 70.0 11.75 -20.0 87.0 11.75 -20.0
35.0 11.75 -40.0 60.0 11.75 -40.0 70.0 11.75 -40.0 87.0 11.75 -40.0
35.0 11.75 -94.0 60.0 11.75 -94.0 70.0 11.75 -94.0 87.0 11.75 -94.0
0.0 1.0 0.0 16.0
./data/saghf1.BMP

//45.saghf kazeb
-35.0 11.75 -2.0  -45.0 11.75 -2.0  -50.0 11.75 -2.0  -55.0 11.75 -2.0
-35.0 11.75 -20.0 -45.0 11.75 -20.0 -50.0 11.75 -20.0 -55.0 11.75 -20.0
-35.0 11.75 -40.0 -45.0 11.75 -40.0 -50.0 11.75 -40.0 -55.0 11.75 -40.0
-35.0 11.75 -94.0 -45.0 11.75 -94.0 -50.0 11.75 -94.0 -55.0 11.75 -94.0
0.0 1.0 0.0 16.0
./data/saghf1.BMP

//46.saghf kazeb
-5.0  11.75 -20.0 -5.0  11.75 -7.0 -5.0  11.75 -5.0 -5.0  11.75 -3.0
-20.0 11.75 -20.0 -20.0 11.75 -7.0 -20.0 11.75 -5.0 -20.0 11.75 -3.0
-30.0 11.75 -20.0 -30.0 11.75 -7.0 -30.0 11.75 -5.0 -30.0 11.75 -3.0
-40.0 11.75 -20.0 -40.0 11.75 -7.0 -50.0 11.75 -5.0 -40.0 11.75 -3.0
0.0 1.0 0.0 16.0
./data/saghf1.BMP

//42.estakhr
90.0 0.0  -50.0 90.0 0.0  -37.0 90.0 0.0  -35.0 90.0 0.0  -30.0
90.0 3.5  -50.0 90.0 3.5  -37.0 90.0 3.5  -35.0 90.0 3.5  -30.0
90.0 7.5  -50.0 90.0 7.5  -37.0 90.0 7.5  -35.0 90.0 7.5  -30.0
90.0 10.0 -50.0 90.0 10.0 -37.0 90.0 10.0 -35.0 90.0 10.0 -30.0
0.0 0.0 -1.0 -45.0./data/wall4.BMP


  


















































